$MeshFormat
4.1 0 8
$EndMeshFormat
$Entities
0 0 1 0
1 -0.0931466 0.03362040000000001 -0.056644 0.05815909999999999 0.181897 0.0578008 0 0 
$EndEntities
$Nodes
1 453 1 453
2 1 0 453
1
2
3
4
5
6
7
8
9
10
11
12
13
14
15
16
17
18
19
20
21
22
23
24
25
26
27
28
29
30
31
32
33
34
35
36
37
38
39
40
41
42
43
44
45
46
47
48
49
50
51
52
53
54
55
56
57
58
59
60
61
62
63
64
65
66
67
68
69
70
71
72
73
74
75
76
77
78
79
80
81
82
83
84
85
86
87
88
89
90
91
92
93
94
95
96
97
98
99
100
101
102
103
104
105
106
107
108
109
110
111
112
113
114
115
116
117
118
119
120
121
122
123
124
125
126
127
128
129
130
131
132
133
134
135
136
137
138
139
140
141
142
143
144
145
146
147
148
149
150
151
152
153
154
155
156
157
158
159
160
161
162
163
164
165
166
167
168
169
170
171
172
173
174
175
176
177
178
179
180
181
182
183
184
185
186
187
188
189
190
191
192
193
194
195
196
197
198
199
200
201
202
203
204
205
206
207
208
209
210
211
212
213
214
215
216
217
218
219
220
221
222
223
224
225
226
227
228
229
230
231
232
233
234
235
236
237
238
239
240
241
242
243
244
245
246
247
248
249
250
251
252
253
254
255
256
257
258
259
260
261
262
263
264
265
266
267
268
269
270
271
272
273
274
275
276
277
278
279
280
281
282
283
284
285
286
287
288
289
290
291
292
293
294
295
296
297
298
299
300
301
302
303
304
305
306
307
308
309
310
311
312
313
314
315
316
317
318
319
320
321
322
323
324
325
326
327
328
329
330
331
332
333
334
335
336
337
338
339
340
341
342
343
344
345
346
347
348
349
350
351
352
353
354
355
356
357
358
359
360
361
362
363
364
365
366
367
368
369
370
371
372
373
374
375
376
377
378
379
380
381
382
383
384
385
386
387
388
389
390
391
392
393
394
395
396
397
398
399
400
401
402
403
404
405
406
407
408
409
410
411
412
413
414
415
416
417
418
419
420
421
422
423
424
425
426
427
428
429
430
431
432
433
434
435
436
437
438
439
440
441
442
443
444
445
446
447
448
449
450
451
452
453
-0.0312216 0.126304 0.00514924
-0.0446774 0.131204 0.00570479
-0.0683011 0.144828 0.0413688
-0.00600095 0.130398 0.0178986
-0.0173568 0.127613 0.00526885
0.0330513 0.107034 0.0319543
0.0400873 0.10521 0.0173419
-0.0301802 0.106322 0.0399745
0.0304193 0.118572 0.0188068
-0.06408220000000001 0.159391 -0.0169096
0.0447046 0.0927877 0.00507585
-0.0316754 0.170395 -0.00635023
-0.08485230000000001 0.134078 0.0470177
-0.0688547 0.122052 0.0517569
0.00595475 0.131024 0.0178252
0.0404629 0.105142 0.00640978
0.0387342 0.102161 -0.00463112
-0.0914513 0.134136 0.0171026
-0.0818721 0.107166 0.031016
-0.067218 0.156155 0.0178863
-0.07956870000000001 0.152875 0.0299311
0.00596007 0.122504 0.0346272
-0.0516317 0.145001 0.0184804
-0.07797809999999999 0.13255 0.0513494
-0.00590708 0.127934 0.0274623
-0.0479133 0.129301 0.0269646
-0.082427 0.0928134 -0.00556046
0.01744 0.127694 0.0185348
-0.0906868 0.120305 0.0066804
-0.0294038 0.17903 -0.007879590000000001
-0.0797891 0.14376 0.0426994
-0.018288 0.108329 0.0415098
-0.0202326 0.181846 -0.0183274
-0.0377039 0.167987 -0.0130391
0.00582164 0.12806 0.0279016
-0.0435389 0.130014 0.0175333
0.0188699 0.119862 0.032409
-0.0440101 0.167035 0.00231898
-0.089811 0.132401 0.00705743
-0.057352 0.144989 0.0315196
0.0442622 0.0934526 0.0176417
0.0412343 0.09217309999999999 0.0285603
-0.0563953 0.154565 0.016878
-0.0206135 0.159773 -0.00717522
-0.07298929999999999 0.06561160000000001 0.0181693
-0.0673967 0.155256 0.00581389
-0.09048639999999999 0.118611 0.0412148
0.0273142 0.117965 0.0286191
0.041907 0.0916386 -0.00556945
-0.07021090000000001 0.165303 -0.0194661
-0.0061847 0.122729 0.034787
0.0300138 0.0932786 0.0421476
-0.0175129 0.162126 -0.0145489
-0.0763977 0.171291 -0.0411021
-0.0854227 0.105386 0.00339486
0.0370431 0.110443 0.0207229
-0.00659732 0.0427285 0.0469391
0.00639794 0.0437006 0.046826
-0.0559247 0.157606 0.00656455
-0.0911449 0.118816 0.0298442
-0.0595109 0.128352 0.0399626
-0.0176335 0.127605 0.0179366
-0.066633 0.153831 0.0308703
-0.0436418 0.169438 -0.00550226
-0.0572759 0.043243 0.042862
-0.0763773 0.157221 -0.0168889
-0.0434461 0.15605 0.00615795
-0.0427118 0.0421645 0.0427004
-0.0254201 0.0886622 0.0503827
-0.014179 0.12627 0.0266417
-0.08825819999999999 0.0898687 0.00696625
-0.0688695 0.157773 -0.00687593
-0.0679676 0.142877 -0.00757643
0.0188538 0.106293 0.0416902
-0.036487 0.171225 0.000545037
-0.0664352 0.117198 -0.009871609999999999
-0.0682606 0.170398 -0.0436995
-0.09092500000000001 0.14605 0.0190382
0.00678622 0.115841 0.0388077
0.0310139 0.0930696 -0.017798
0.0056976 0.10589 0.0435511
-0.0706519 0.13063 0.0502497
0.0059746 0.130858 0.00579479
0.0184217 0.0423182 0.042477
0.0147876 0.09097470000000001 0.0509658
-0.00598232 0.115409 0.0402027
-0.0811312 0.117972 -0.00359453
-0.0787032 0.144274 -0.00389052
0.00581988 0.106226 -0.0208968
-0.0192761 0.119853 0.0328061
-0.00593116 0.130215 0.005954
-0.0893322 0.142745 0.0290326
-0.00762538 0.123273 -0.009815549999999999
-0.0692263 0.178922 -0.0542743
-0.0298757 0.124252 0.0209674
-0.0848266 0.148987 0.0327697
-0.0888516 0.09097230000000001 0.0179034
-0.0305879 0.122384 -0.00635771
-0.0307198 0.117989 0.0306166
-0.0780612 0.120653 0.0513999
0.0332714 0.108498 -0.00743195
-0.0677112 0.0928918 -0.0168814
-0.075666 0.0911817 -0.0136967
-0.082422 0.0951121 0.0310878
-0.08569839999999999 0.136903 0.00192122
-0.0292804 0.0417747 0.051397
-0.017732 0.0423864 0.051684
-0.0656987 0.171007 -0.056644
-0.0298523 0.170905 -0.0165609
-0.0562502 0.135013 0.0330455
-0.0666127 0.133021 0.0447044
-0.0425379 0.155441 -0.00749353
-0.0545308 0.0714603 0.0397042
-0.0413159 0.0906923 -0.0225881
-0.0172876 0.09217740000000001 0.0536212
-0.00598119 0.0940308 0.0542643
0.0423724 0.0672563 0.0295801
0.0285741 0.116909 -0.00391772
-0.0331811 0.0450744 0.0451146
-0.0539402 0.118566 0.0353731
0.0422724 0.0795546 -0.00579461
0.0297273 0.0425502 0.0304975
-0.0315639 0.09593309999999999 -0.0236801
0.0381804 0.105121 0.0266947
-0.0284988 0.090492 -0.0290854
-0.0173189 0.0437942 0.0432695
0.00376754 0.0477551 0.0502037
0.0432673 0.0458291 0.0278251
-0.0233322 0.181239 -0.0112893
-0.0056258 0.0565038 0.0538818
0.00529431 0.0556798 0.0532881
-0.08832189999999999 0.105757 0.0172983
-0.0566374 0.0470184 0.0305809
-0.0296243 0.0543188 0.0398951
-0.00597407 0.105897 0.0440669
-0.0214122 0.0546976 0.044641
-0.0161488 0.0574363 0.050904
-0.0568305 0.146392 -0.0026426
-0.0931466 0.119067 0.0179948
-0.061862 0.158417 -0.0293026
-0.0855858 0.10684 0.021729
0.0336642 0.0540543 0.0350841
0.042771 0.0560351 0.031559
-0.0434589 0.117191 0.0317044
-0.0680962 0.156721 -0.0426174
0.0272384 0.103156 0.0397058
-0.0293932 0.178536 -0.0145563
-0.0762697 0.0912245 0.0383419
-0.0191285 0.09859519999999999 0.0456676
-0.053091 0.0567402 0.0293963
-0.0431978 0.0555777 0.0390838
-0.0833055 0.115643 0.046828
0.0144345 0.127081 0.026297
-0.0388913 0.123761 0.0249778
-0.0594359 0.119905 0.0399756
-0.0702332 0.154262 -0.0312401
-0.0574473 0.152576 0.0284508
-0.0480038 0.056366 0.0362663
-0.0107262 0.179662 -0.0277472
-0.0882293 0.106066 0.008467560000000001
-0.07899399999999999 0.153984 0.00651862
-0.0295675 0.126072 0.0146338
-0.08173560000000001 0.15439 0.0177332
-0.0795469 0.104194 -0.00620274
-0.0248608 0.122913 0.0245429
-0.0664416 0.159957 -0.0533713
-0.0784878 0.0705283 0.0174461
-0.009671010000000001 0.173225 -0.0264945
-0.0566284 0.0547031 0.00744563
-0.0184015 0.122219 -0.00775134
-0.0695952 0.146412 -0.018032
-0.0412517 0.123196 -0.00958087
-0.06849719999999999 0.148194 -0.028726
-0.0540036 0.055543 0.0177674
-0.0169203 0.06821679999999999 0.0531499
-0.00607221 0.0677102 0.0564501
0.00708728 0.0673218 0.0553369
-0.0143174 0.116971 0.037836
0.0538923 0.0557547 0.0266244
0.00517855 0.0931738 0.0535873
-0.0431038 0.06743879999999999 0.0407737
-0.0293069 0.0680733 0.041016
-0.0379555 0.161954 -0.0128021
-0.0561165 0.0654329 0.0341979
-0.07617069999999999 0.155559 -0.0059272
-0.0552181 0.122506 -0.00946488
0.0177004 0.105983 -0.0186138
0.0534583 0.0656375 0.0264336
-0.0869152 0.0944156 0.00293118
-0.0764257 0.161707 -0.0297517
-0.0440959 0.127453 -0.00327875
-0.0312919 0.07982980000000001 0.0434944
-0.0549448 0.106348 -0.0185625
-0.07237349999999999 0.110057 -0.009432569999999999
-0.0553659 0.09198290000000001 -0.0211783
-0.0488091 0.06601269999999999 0.0373959
-0.0473086 0.145156 0.00688469
-0.0803913 0.129634 -0.00469755
-0.041802 0.105934 -0.0198692
-0.00632139 0.0931652 -0.0328935
-0.00597054 0.106138 -0.0222282
-0.0294827 0.158293 -0.00619266
-0.0177953 0.106289 -0.0217771
-0.0885261 0.137839 0.0393964
-0.0674935 0.128392 -0.00863471
0.0463693 0.0715128 0.0216754
-0.0409565 0.117168 -0.0145809
-0.0106656 0.167541 -0.0199013
-0.0532547 0.157456 -0.00281896
0.00530988 0.0933129 -0.0301852
-0.0773436 0.0727226 0.0266546
-0.0625087 0.149934 -0.0150319
-0.0688014 0.0685726 0.0306649
-0.0545252 0.0808478 -0.0201707
-0.0436768 0.078916 0.0428855
-0.0185748 0.07897029999999999 0.0557353
-0.00599993 0.07945480000000001 0.0578008
0.00706485 0.08119170000000001 0.0558187
-0.0850269 0.146034 0.00585954
0.0370111 0.110397 0.00265294
-0.06830840000000001 0.0803316 0.0407109
-0.055894 0.07925939999999999 0.0435335
0.0381456 0.08810560000000001 -0.0138675
-0.0642837 0.0396418 0.039624
-0.0698696 0.168536 -0.0313319
-0.061796 0.155741 -0.0207923
-0.0622848 0.16236 -0.0396288
-0.06868639999999999 0.09237040000000001 0.0421978
-0.049353 0.139298 0.0147955
-0.07841770000000001 0.110126 0.0417886
0.0179416 0.0792747 0.0518862
0.00532732 0.123661 -0.00997105
-0.0556774 0.0935206 0.044207
-0.0431924 0.0921154 0.0432689
-0.0298626 0.0940124 0.0444805
0.0205955 0.087113 0.0492325
0.01721 0.127663 0.00512593
-0.0290125 0.106719 -0.0207479
0.0185443 0.0948112 0.0477587
-0.00588676 0.116622 -0.0160049
-0.0528191 0.162649 0.00296711
0.0358078 0.0958594 -0.0120328
-0.09120640000000001 0.131415 0.0295307
-0.067874 0.106952 0.0403725
-0.0441636 0.104918 0.0401706
0.00749586 0.09835000000000001 0.0488255
-0.0554961 0.103898 0.0411405
-0.0669044 0.115717 0.0473479
-0.0501524 0.140326 0.00258818
-0.0554508 0.13242 -0.00485445
-0.014752 0.181897 -0.0262781
-0.029558 0.161783 -0.0143368
-0.0561854 0.111277 0.0373713
-0.040984 0.110496 0.0370883
-0.0320055 0.110468 0.0370438
0.0250033 0.110611 0.0368459
-0.046987 0.147434 -0.00222536
-0.0183407 0.0352362 0.0507938
-0.0178406 0.170484 -0.0181143
-0.0569472 0.0349416 0.0423717
0.00583339 0.0351076 0.0420914
-0.0428024 0.0351574 0.0416872
-0.06646199999999999 0.104777 -0.0148582
0.0257452 0.0459137 0.0381185
0.0379451 0.0817167 -0.0141547
-0.08442620000000001 0.07977140000000001 0.0186332
0.0532504 0.04759 0.0181903
0.0186424 0.0536035 0.046215
0.00732515 0.118243 -0.0153012
-0.0314704 0.157066 0.000976216
0.0286229 0.056876 0.0407635
0.0581591 0.0550016 0.0180254
0.016864 0.089935 -0.0269104
0.0145778 0.0585769 0.0501691
0.0367248 0.09181839999999999 0.0366248
-0.0198801 0.166404 -0.0112699
0.0150294 0.0677357 0.0520671
0.0210524 0.0681161 0.0484346
0.0298776 0.0679936 0.0419172
0.0368358 0.06784949999999999 0.036641
0.0574748 0.0682218 0.0171425
0.0316842 0.0785087 -0.019208
-0.0760271 0.175704 -0.0506937
-0.0655396 0.0607885 0.0175707
-0.0806026 0.08144700000000001 0.0306516
0.0189749 0.121506 -0.00694565
0.030684 0.07954609999999999 0.0431507
0.0371888 0.0792484 0.0367937
0.0419366 0.0795911 0.0295911
0.046032 0.07936940000000001 0.0177694
-0.0787921 0.0707773 0.00685585
-0.0293987 0.115917 -0.0147065
-0.0869924 0.113518 0.00410409
-0.0142186 0.174013 -0.0259807
0.0174795 0.0352131 -0.00592856
0.0162141 0.0358475 -0.0162131
0.0193248 0.0358322 0.0313206
0.0435544 0.0411101 0.00579916
0.0226191 0.0406052 -0.00793544
0.0191348 0.042782 -0.0192095
0.0414633 0.0456301 -0.00354513
0.0436925 0.0411968 0.01772
0.0512872 0.0463959 0.00580531
0.0285777 0.105181 -0.0142381
0.0306748 0.0445124 -0.00617993
-0.0184118 0.0948059 -0.0307434
-0.0315484 0.0343023 -0.0284081
0.0260381 0.0475902 -0.0165794
0.0554197 0.0686378 0.00589653
0.0520374 0.055073 -0.0024816
0.0567375 0.0542224 0.00512483
0.0428049 0.0553286 -0.00604704
-0.0620037 0.167422 -0.0527165
0.0341128 0.0541776 -0.009483460000000001
0.029518 0.0560564 -0.0175875
-0.0177887 0.115911 -0.0157838
-0.0417838 0.0357602 -0.0264107
-0.00518939 0.043046 -0.0273333
-0.0664059 0.0343649 -0.00416668
0.0475414 0.0712174 0.00542617
0.0249138 0.0825163 -0.0245877
-0.0299024 0.0426031 -0.0283179
0.0218121 0.0515865 -0.0236492
-0.0271537 0.0351608 0.0509267
0.0161181 0.11563 -0.0145451
0.031738 0.0679983 -0.0183532
0.0418226 0.0675201 -0.00551555
0.0514871 0.0637279 -0.00174794
-0.0893303 0.128309 0.0428023
0.0459385 0.0796307 0.00579632
-0.0705433 0.149897 -0.0387319
-0.0429617 0.0430242 -0.0176288
-0.0719677 0.177848 -0.0474604
-0.07605290000000001 0.177651 -0.0471457
0.0304173 0.118495 0.00573814
-0.07714509999999999 0.167706 -0.0298798
0.0202668 0.092861 -0.0237363
-0.0254815 0.0798697 0.0510546
-0.0650541 0.0353259 0.0162237
-0.06476759999999999 0.0350792 0.0294481
-0.0644267 0.0414591 0.0304476
-0.06432 0.0352261 0.0387914
-0.06759999999999999 0.0340299 0.00590491
-0.0679534 0.0418588 0.00668394
-0.0573497 0.0431548 0.0200229
-0.0634632 0.0414321 0.0142052
-0.059413 0.0471382 0.00628538
-0.0233834 0.06564159999999999 0.0450976
-0.063538 0.07166500000000001 0.0379463
-0.0193036 0.0810128 -0.0384318
-0.0427206 0.0343557 -0.0191302
-0.00690237 0.03464 -0.0202171
-0.06567870000000001 0.0408332 -0.00401793
-0.0383907 0.0419218 -0.0264039
-0.0556585 0.0432866 -0.00758834
-0.0416785 0.0420276 -0.00999679
-0.0322294 0.0446593 -0.0167499
-0.0307385 0.0563307 -0.018517
-0.0429026 0.0561897 -0.0113043
-0.0550285 0.0566557 -0.00531375
-0.0261858 0.0568836 -0.0282694
-0.0552189 0.117461 -0.0133744
-0.0190658 0.0546695 -0.0318646
-0.0687629 0.06866940000000001 -0.00654941
-0.0730504 0.06542000000000001 0.00552859
-0.0207234 0.0672793 -0.036553
-0.0290792 0.067426 -0.0290521
-0.0328056 0.0664637 -0.0195215
-0.0177608 0.0343319 -0.0259142
-0.0773687 0.07325710000000001 -0.00409771
0.0151616 0.126104 -0.00266395
-0.0845255 0.0800572 0.00530702
-0.0793517 0.07985589999999999 -0.00640565
-0.0309728 0.0794701 -0.0312475
-0.0355144 0.081801 -0.0226887
-0.06814099999999999 0.08012270000000001 -0.0164278
-0.0512932 0.034227 -0.0129013
0.0161924 0.08047899999999999 -0.0292174
-0.0144478 0.0879274 -0.0380297
-0.0173157 0.0432674 -0.0282906
-0.0193328 0.0979251 -0.024792
-0.0555479 0.0336816 -0.00619013
0.00702627 0.09784180000000001 -0.0246055
-0.0148892 0.126068 -0.00252126
0.0175205 0.0552114 -0.0272756
-0.009536609999999999 0.07941040000000001 -0.0379859
0.00524266 0.0391336 -0.021947
0.0175653 0.06793390000000001 -0.0289388
-0.0057907 0.128077 -0.00285105
0.00626556 0.128047 -0.0031705
0.00559979 0.0346604 -0.0179318
0.029824 0.0359142 0.00488977
0.00625193 0.0459623 -0.0263782
0.0143253 0.0473484 -0.0251513
0.00604086 0.0555073 -0.0304314
-0.00613413 0.0546372 -0.032635
-0.0346694 0.057124 -0.0114953
-0.00684543 0.0679742 -0.0359406
0.0056558 0.06762369999999999 -0.0329199
-0.0569732 0.06516280000000001 -0.009582190000000001
-0.0422796 0.0699944 -0.0161463
-0.0175719 0.07054729999999999 -0.0382261
-0.055586 0.0722983 -0.0161218
-0.0637884 0.07126970000000001 -0.0138535
0.00568561 0.07905470000000001 -0.0339189
-0.00338429 0.0804511 -0.0367226
-0.0248988 0.0815004 -0.0371078
-0.0412513 0.07913779999999999 -0.0197746
-0.07358190000000001 0.0777026 -0.0122023
-0.018062 0.0352627 -0.0195401
-0.031577 0.0358487 -0.0179669
-0.00602034 0.0381237 -0.0145184
-0.0177811 0.0382546 -0.0154503
0.00753447 0.0355596 -0.00650063
0.00430437 0.0384017 -0.0071754
-0.00593935 0.038948 -0.00592129
-0.0176142 0.0386055 -0.00584508
-0.0430308 0.0341391 -0.00565972
0.0189222 0.0351076 0.00499769
-0.0299129 0.0383912 -0.00582677
0.00512066 0.0348398 0.00558498
0.00103528 0.0375917 0.000952222
-0.00584714 0.0383419 0.00590803
-0.0424621 0.0343144 0.00590597
-0.017873 0.0383166 0.00599471
0.028662 0.0358411 0.0187496
-0.055026 0.0336204 0.00583816
-0.0284733 0.0381489 0.00441853
-0.000947006 0.0357374 0.0103469
0.0193224 0.0351814 0.0196616
-0.0342325 0.033759 0.00717517
0.00536022 0.0345956 0.0179871
-0.000385714 0.0351459 0.0134171
0.0334119 0.0376179 0.0210082
-0.00589791 0.0381782 0.0177062
-0.0352445 0.0350571 0.0178257
-0.0178078 0.0381962 0.0178114
-0.0261898 0.0377592 0.0177044
-0.0563247 0.0336762 0.0175265
0.00114114 0.037661 0.0223414
0.0100253 0.0355029 0.029656
0.00550127 0.0385556 0.0296609
-0.00596581 0.0388946 0.0299252
-0.0330745 0.0355217 0.0292236
-0.0277717 0.0382563 0.0322865
-0.0179091 0.0385902 0.0296167
-0.0419404 0.0343698 0.0299668
0.015243 0.0356116 0.0412692
-0.0554301 0.0342555 0.0297952
-0.0660515 0.0611144 0.00585548
-0.00654912 0.0350372 0.0453959
-0.0307826 0.0347596 0.0432959
-0.0180834 0.0348142 0.0458772
$EndNodes
$Elements
1 948 1 948
2 1 2 948
1 165 95 99 
2 225 336 50 
3 332 351 377 
4 125 123 238 
5 62 90 70 
6 62 162 95 
7 25 90 51 
8 110 26 36 
9 28 35 153 
10 445 444 436 
11 95 36 154 
12 4 62 70 
13 25 70 90 
14 39 219 105 
15 23 43 40 
16 15 25 35 
17 291 167 372 
18 227 77 225 
19 205 198 73 
20 83 4 15 
21 14 82 24 
22 100 14 24 
23 24 111 31 
24 111 3 31 
25 167 266 372 
26 91 62 4 
27 35 25 51 
28 294 168 208 
29 81 79 86 
30 62 95 165 
31 85 239 81 
32 5 162 62 
33 133 150 65 
34 197 23 229 
35 60 47 243 
36 180 85 81 
37 266 97 372 
38 53 259 208 
39 122 128 142 
40 344 169 347 
41 233 228 221 
42 233 244 228 
43 233 247 244 
44 58 127 57 
45 58 131 127 
46 222 233 221 
47 5 62 91 
48 135 81 86 
49 177 218 176 
50 5 1 162 
51 79 22 51 
52 127 131 130 
53 57 127 130 
54 112 183 202 
55 97 71 372 
56 90 165 99 
57 124 7 56 
58 198 88 73 
59 417 420 413 
60 246 81 180 
61 22 79 37 
62 62 165 90 
63 68 133 65 
64 151 150 133 
65 385 388 326 
66 215 222 113 
67 215 234 233 
68 222 215 233 
69 245 247 233 
70 234 245 233 
71 245 253 247 
72 245 144 120 
73 253 245 120 
74 128 143 142 
75 68 151 133 
76 83 91 4 
77 113 181 215 
78 245 254 144 
79 112 202 270 
80 38 75 64 
81 134 151 68 
82 119 134 68 
83 134 181 151 
84 192 215 181 
85 182 192 181 
86 192 235 234 
87 215 192 234 
88 235 245 234 
89 235 8 245 
90 245 99 254 
91 254 99 144 
92 217 218 116 
93 182 181 134 
94 16 17 220 
95 255 99 245 
96 8 255 245 
97 75 12 64 
98 15 4 25 
99 4 70 25 
100 218 217 176 
101 86 79 51 
102 74 79 81 
103 8 99 255 
104 106 134 119 
105 2 249 197 
106 49 242 101 
107 43 157 40 
108 150 174 345 
109 136 134 106 
110 107 136 106 
111 32 8 235 
112 149 32 235 
113 90 99 8 
114 32 90 8 
115 236 85 231 
116 15 28 237 
117 107 126 136 
118 20 21 63 
119 132 55 160 
120 35 51 22 
121 83 15 237 
122 202 53 44 
123 311 309 281 
124 132 160 55 
125 272 311 281 
126 28 15 35 
127 178 90 32 
128 239 74 81 
129 131 177 176 
130 355 332 382 
131 130 131 176 
132 126 137 136 
133 252 53 202 
134 107 57 126 
135 57 130 137 
136 126 57 137 
137 130 176 175 
138 137 130 175 
139 176 217 216 
140 175 176 216 
141 116 115 216 
142 217 116 216 
143 135 86 32 
144 86 178 32 
145 51 90 178 
146 86 51 178 
147 180 81 246 
148 401 408 368 
149 264 84 122 
150 218 180 116 
151 150 133 65 
152 179 188 117 
153 143 179 117 
154 327 121 320 
155 58 84 268 
156 305 392 295 
157 356 355 360 
158 129 30 12 
159 268 274 131 
160 49 17 11 
161 302 303 267 
162 197 67 23 
163 231 85 218 
164 248 14 244 
165 111 82 14 
166 272 179 267 
167 111 14 248 
168 279 278 268 
169 49 11 330 
170 259 12 276 
171 2 197 229 
172 155 248 244 
173 155 111 248 
174 264 142 271 
175 155 61 111 
176 61 155 111 
177 155 61 111 
178 12 75 38 
179 275 6 52 
180 253 155 244 
181 120 253 244 
182 110 111 61 
183 40 3 111 
184 110 40 111 
185 33 129 30 
186 33 129 12 
187 310 301 312 
188 253 120 155 
189 74 146 256 
190 68 65 260 
191 33 30 129 
192 259 276 44 
193 155 120 61 
194 120 110 61 
195 138 257 249 
196 271 268 84 
197 236 239 85 
198 268 131 58 
199 259 33 12 
200 303 311 272 
201 52 239 236 
202 267 303 272 
203 6 37 256 
204 52 236 231 
205 52 146 74 
206 287 52 231 
207 288 275 287 
208 120 26 110 
209 11 41 290 
210 121 49 330 
211 275 52 287 
212 277 231 218 
213 11 17 16 
214 52 6 146 
215 44 12 202 
216 177 277 218 
217 144 26 120 
218 159 208 168 
219 361 322 358 
220 131 274 277 
221 123 199 238 
222 271 279 268 
223 78 219 39 
224 16 7 41 
225 281 188 179 
226 272 281 179 
227 259 208 33 
228 67 59 23 
229 280 288 279 
230 156 140 173 
231 122 142 264 
232 289 42 275 
233 288 289 275 
234 277 177 131 
235 290 289 206 
236 275 42 6 
237 289 288 280 
238 330 11 290 
239 17 101 220 
240 128 179 143 
241 274 268 277 
242 253 120 244 
243 117 280 142 
244 42 124 6 
245 117 289 280 
246 143 117 142 
247 208 159 33 
248 277 278 231 
249 102 103 164 
250 300 299 295 
251 288 287 279 
252 6 256 146 
253 132 160 71 
254 276 12 44 
255 33 159 251 
256 206 289 117 
257 74 37 79 
258 121 330 320 
259 298 392 301 
260 85 180 218 
261 18 78 39 
262 256 37 74 
263 264 271 84 
264 250 249 2 
265 287 231 278 
266 12 38 67 
267 44 53 259 
268 268 278 277 
269 280 279 271 
270 142 280 271 
271 52 74 239 
272 48 37 6 
273 202 67 270 
274 202 12 67 
275 310 311 303 
276 301 310 303 
277 183 34 252 
278 279 287 278 
279 244 247 253 
280 417 428 420 
281 97 132 71 
282 67 257 112 
283 66 336 190 
284 114 375 408 
285 145 140 156 
286 227 225 140 
287 359 401 397 
288 31 92 204 
289 227 140 145 
290 47 329 243 
291 308 305 299 
292 71 160 55 
293 104 266 285 
294 444 262 447 
295 18 39 29 
296 89 201 240 
297 73 171 212 
298 139 18 29 
299 36 2 229 
300 296 300 295 
301 19 132 141 
302 19 60 132 
303 208 259 53 
304 189 71 55 
305 105 88 198 
306 223 49 121 
307 326 327 312 
308 327 282 121 
309 55 160 293 
310 387 300 296 
311 139 60 18 
312 49 101 17 
313 60 243 18 
314 297 122 84 
315 11 16 41 
316 243 92 18 
317 226 10 212 
318 315 323 385 
319 327 326 282 
320 171 226 212 
321 18 92 78 
322 145 77 227 
323 156 10 226 
324 160 132 29 
325 173 140 171 
326 132 139 29 
327 282 265 121 
328 265 223 121 
329 140 156 226 
330 140 226 171 
331 315 326 314 
332 387 296 391 
333 293 160 29 
334 133 150 345 
335 425 428 417 
336 50 336 66 
337 315 314 305 
338 112 270 67 
339 10 72 73 
340 212 10 73 
341 307 317 354 
342 308 315 305 
343 326 312 314 
344 41 42 289 
345 290 41 289 
346 41 7 42 
347 7 124 42 
348 23 40 110 
349 166 313 77 
350 300 308 299 
351 145 166 77 
352 313 108 77 
353 377 382 332 
354 166 108 313 
355 156 173 331 
356 36 229 23 
357 46 185 161 
358 43 63 157 
359 3 40 63 
360 59 43 23 
361 50 72 10 
362 281 117 188 
363 281 206 117 
364 156 331 145 
365 281 290 206 
366 320 281 309 
367 163 78 21 
368 21 78 92 
369 330 290 281 
370 320 330 281 
371 157 63 40 
372 373 409 376 
373 191 2 1 
374 2 36 1 
375 43 20 63 
376 36 162 1 
377 191 1 98 
378 36 23 110 
379 77 54 225 
380 162 36 95 
381 50 10 156 
382 225 50 156 
383 30 64 12 
384 161 163 20 
385 77 334 54 
386 154 26 144 
387 72 50 66 
388 3 21 31 
389 63 21 3 
390 56 9 6 
391 170 1 5 
392 7 9 56 
393 36 26 154 
394 161 219 163 
395 219 78 163 
396 16 335 7 
397 335 9 7 
398 333 77 94 
399 9 48 6 
400 99 154 144 
401 95 154 99 
402 220 335 16 
403 333 334 77 
404 94 77 108 
405 101 335 220 
406 161 20 46 
407 20 163 21 
408 341 133 345 
409 46 20 43 
410 28 48 9 
411 28 37 48 
412 81 116 180 
413 46 43 59 
414 72 185 46 
415 237 28 9 
416 335 237 9 
417 333 94 334 
418 28 153 37 
419 224 65 341 
420 237 335 118 
421 153 22 37 
422 135 149 116 
423 116 149 115 
424 153 35 22 
425 6 124 56 
426 338 69 192 
427 334 94 283 
428 257 67 197 
429 136 175 348 
430 184 181 196 
431 118 286 237 
432 183 112 64 
433 355 319 353 
434 115 235 69 
435 72 66 185 
436 136 137 175 
437 192 216 338 
438 338 216 115 
439 64 34 183 
440 134 136 182 
441 136 348 182 
442 111 24 82 
443 158 181 184 
444 150 158 184 
445 228 148 221 
446 13 24 31 
447 152 100 47 
448 175 216 192 
449 100 329 47 
450 115 149 235 
451 150 151 158 
452 221 148 285 
453 80 187 337 
454 69 235 192 
455 397 358 357 
456 100 24 13 
457 329 100 13 
458 338 115 69 
459 357 359 397 
460 339 344 343 
461 224 341 340 
462 266 104 97 
463 342 224 340 
464 348 175 192 
465 183 252 202 
466 135 116 81 
467 13 31 204 
468 346 344 339 
469 148 228 104 
470 34 109 252 
471 96 21 92 
472 182 348 192 
473 346 347 344 
474 158 151 181 
475 104 228 19 
476 67 241 59 
477 346 345 347 
478 147 33 109 
479 446 126 445 
480 31 96 92 
481 125 374 375 
482 138 250 73 
483 345 346 339 
484 345 169 347 
485 13 204 329 
486 285 148 104 
487 241 67 38 
488 345 174 169 
489 315 385 323 
490 108 283 94 
491 77 54 108 
492 108 54 283 
493 283 54 334 
494 166 77 108 
495 316 203 292 
496 166 145 77 
497 408 375 368 
498 145 54 77 
499 389 390 93 
500 156 145 331 
501 145 225 54 
502 433 432 435 
503 156 190 145 
504 145 190 225 
505 190 336 54 
506 225 190 54 
507 147 30 33 
508 383 89 210 
509 332 317 351 
510 332 354 317 
511 358 368 367 
512 361 358 367 
513 368 375 374 
514 367 368 374 
515 374 408 375 
516 389 93 170 
517 171 66 156 
518 156 66 190 
519 329 204 92 
520 414 422 415 
521 357 332 359 
522 243 329 92 
523 169 344 347 
524 114 199 123 
525 125 114 123 
526 240 201 316 
527 332 357 358 
528 373 27 103 
529 376 373 103 
530 27 164 103 
531 409 373 376 
532 73 88 66 
533 171 73 66 
534 88 185 66 
535 64 109 12 
536 64 30 109 
537 371 286 232 
538 390 371 232 
539 132 19 141 
540 34 64 109 
541 369 307 322 
542 375 114 125 
543 286 325 269 
544 232 286 269 
545 337 273 187 
546 225 156 140 
547 364 370 373 
548 87 194 164 
549 209 64 112 
550 381 306 203 
551 357 358 322 
552 347 355 353 
553 347 169 355 
554 169 360 355 
555 365 291 370 
556 364 365 370 
557 291 372 373 
558 370 291 373 
559 372 71 27 
560 373 372 27 
561 71 189 27 
562 189 55 27 
563 55 164 27 
564 55 87 164 
565 55 29 87 
566 29 39 87 
567 39 198 87 
568 39 105 198 
569 105 219 88 
570 219 161 88 
571 161 185 88 
572 59 241 209 
573 241 38 64 
574 209 241 64 
575 341 65 133 
576 344 169 347 
577 401 368 358 
578 397 401 358 
579 55 293 29 
580 97 104 19 
581 347 169 344 
582 250 138 249 
583 201 210 200 
584 80 223 282 
585 328 309 310 
586 344 347 353 
587 384 389 170 
588 201 89 210 
589 286 187 325 
590 242 49 80 
591 17 101 80 
592 304 101 80 
593 324 106 452 
594 101 304 187 
595 101 17 80 
596 322 354 332 
597 237 286 371 
598 390 232 93 
599 101 286 118 
600 109 64 12 
601 187 304 80 
602 89 383 210 
603 83 237 390 
604 101 242 80 
605 46 73 72 
606 1 170 98 
607 46 138 73 
608 286 101 187 
609 138 46 59 
610 200 379 306 
611 209 138 59 
612 357 332 358 
613 306 381 203 
614 379 350 306 
615 170 93 316 
616 193 263 76 
617 362 193 76 
618 292 203 238 
619 259 294 208 
620 273 80 378 
621 325 187 269 
622 269 187 89 
623 91 390 389 
624 170 316 292 
625 98 170 292 
626 80 321 378 
627 5 384 170 
628 380 318 369 
629 201 203 316 
630 93 240 316 
631 307 354 322 
632 371 390 237 
633 49 223 80 
634 207 362 186 
635 362 207 186 
636 93 232 240 
637 357 322 332 
638 191 172 186 
639 250 191 186 
640 207 199 362 
641 199 193 362 
642 91 389 384 
643 306 125 238 
644 328 312 327 
645 5 91 384 
646 191 250 2 
647 207 362 186 
648 172 207 186 
649 203 306 238 
650 109 30 147 
651 309 311 310 
652 335 101 118 
653 91 83 390 
654 80 337 187 
655 225 54 336 
656 355 382 319 
657 232 269 240 
658 187 273 210 
659 89 187 210 
660 201 200 203 
661 328 327 320 
662 309 328 320 
663 310 312 328 
664 436 444 447 
665 200 306 203 
666 98 172 191 
667 172 98 207 
668 98 292 207 
669 238 199 207 
670 292 238 207 
671 407 125 306 
672 400 403 401 
673 374 375 408 
674 301 305 312 
675 305 314 312 
676 408 214 114 
677 209 112 257 
678 404 403 400 
679 364 404 400 
680 30 129 33 
681 404 376 403 
682 364 400 360 
683 195 193 199 
684 194 87 76 
685 401 214 408 
686 273 337 80 
687 80 282 321 
688 301 303 298 
689 295 299 305 
690 300 323 315 
691 308 300 315 
692 323 385 315 
693 378 282 326 
694 388 378 326 
695 282 378 321 
696 356 359 332 
697 102 103 263 
698 364 376 404 
699 198 205 76 
700 103 102 263 
701 300 385 323 
702 263 164 194 
703 319 344 353 
704 300 323 385 
705 300 394 323 
706 323 394 385 
707 138 209 257 
708 87 198 76 
709 187 80 337 
710 223 265 282 
711 186 362 76 
712 366 361 367 
713 387 393 394 
714 300 387 394 
715 394 393 385 
716 393 395 385 
717 395 399 388 
718 385 395 388 
719 405 378 388 
720 399 405 388 
721 405 210 378 
722 210 273 378 
723 400 401 359 
724 360 400 359 
725 102 164 263 
726 263 194 76 
727 103 102 376 
728 205 73 250 
729 32 149 135 
730 425 438 428 
731 360 359 356 
732 401 403 214 
733 205 250 186 
734 352 318 387 
735 391 352 387 
736 318 393 387 
737 393 318 395 
738 318 396 395 
739 396 398 399 
740 395 396 399 
741 398 406 405 
742 399 398 405 
743 200 210 405 
744 406 200 405 
745 269 89 240 
746 76 205 186 
747 319 353 355 
748 244 19 228 
749 398 386 406 
750 386 200 406 
751 263 193 195 
752 102 263 195 
753 19 132 97 
754 350 379 200 
755 386 350 200 
756 251 159 168 
757 294 251 168 
758 380 363 396 
759 318 380 396 
760 396 363 398 
761 363 366 398 
762 366 402 398 
763 402 350 386 
764 398 402 386 
765 376 195 214 
766 214 195 114 
767 376 102 195 
768 355 353 319 
769 343 344 319 
770 376 214 403 
771 452 262 444 
772 33 251 294 
773 259 33 294 
774 114 195 199 
775 352 410 369 
776 356 332 355 
777 340 341 345 
778 373 376 364 
779 340 345 339 
780 369 322 380 
781 361 363 380 
782 361 366 363 
783 367 366 363 
784 366 367 363 
785 407 350 402 
786 366 407 402 
787 109 259 53 
788 259 109 33 
789 306 350 407 
790 298 303 302 
791 53 252 109 
792 322 361 380 
793 385 326 315 
794 374 407 366 
795 367 374 366 
796 374 350 407 
797 350 374 407 
798 374 125 407 
799 107 106 324 
800 440 435 432 
801 19 244 230 
802 84 58 261 
803 448 84 261 
804 419 426 430 
805 440 442 435 
806 442 443 435 
807 258 107 324 
808 392 426 419 
809 436 438 445 
810 258 324 453 
811 392 419 295 
812 297 441 442 
813 441 297 442 
814 132 60 139 
815 295 414 296 
816 96 31 21 
817 429 433 435 
818 423 425 416 
819 295 421 414 
820 426 297 430 
821 415 423 416 
822 426 122 297 
823 297 441 432 
824 453 324 452 
825 297 84 448 
826 432 442 440 
827 446 445 437 
828 430 297 432 
829 451 57 107 
830 302 122 434 
831 107 258 453 
832 415 416 412 
833 391 414 387 
834 19 230 60 
835 60 230 47 
836 387 415 412 
837 302 434 426 
838 249 257 197 
839 412 417 413 
840 301 392 305 
841 423 437 425 
842 47 230 152 
843 128 122 302 
844 413 420 357 
845 296 414 391 
846 352 391 412 
847 443 57 126 
848 410 352 413 
849 248 244 14 
850 331 173 156 
851 452 119 68 
852 365 45 291 
853 291 45 167 
854 167 211 266 
855 266 211 285 
856 443 437 435 
857 230 100 152 
858 365 450 45 
859 450 284 45 
860 419 421 295 
861 364 450 365 
862 213 285 211 
863 45 211 167 
864 421 429 423 
865 45 213 211 
866 248 230 244 
867 230 248 100 
868 128 267 179 
869 57 451 261 
870 414 421 422 
871 360 169 364 
872 364 169 450 
873 416 425 417 
874 297 448 261 
875 213 221 285 
876 437 438 425 
877 352 412 413 
878 441 442 432 
879 284 213 45 
880 452 68 262 
881 169 174 450 
882 450 174 284 
883 427 343 319 
884 382 427 319 
885 213 349 221 
886 267 128 302 
887 427 339 343 
888 150 284 174 
889 150 213 284 
890 439 339 427 
891 434 122 426 
892 150 184 213 
893 415 422 423 
894 173 171 156 
895 369 318 352 
896 351 382 377 
897 68 260 262 
898 184 113 213 
899 213 113 349 
900 349 113 221 
901 433 432 435 
902 449 340 339 
903 439 449 339 
904 421 432 433 
905 113 222 221 
906 429 421 433 
907 432 433 435 
908 418 382 351 
909 423 429 435 
910 424 427 382 
911 418 424 382 
912 57 261 58 
913 452 106 119 
914 297 261 441 
915 387 414 415 
916 307 351 317 
917 449 342 340 
918 416 417 412 
919 437 445 438 
920 260 342 449 
921 298 426 392 
922 443 126 446 
923 451 107 453 
924 411 351 307 
925 342 260 224 
926 356 418 351 
927 411 356 351 
928 260 65 224 
929 411 357 351 
930 357 411 351 
931 357 356 411 
932 356 420 418 
933 248 14 100 
934 196 113 184 
935 181 113 196 
936 420 356 357 
937 302 426 298 
938 391 387 412 
939 447 260 449 
940 447 262 260 
941 435 437 423 
942 422 421 423 
943 410 411 307 
944 369 410 307 
945 413 357 411 
946 410 413 411 
947 443 446 437 
948 436 424 431 
$EndElements
